0 640 480 3ff00000000000003f7ee95682434a8ebf95688ed3002f23406f238e38e38e3940471fb3e5d18ec44012b1637e5252384074471c71c71c72c0152ba67b022acb4040b18c88469de43ff0000000000000bf934917719b340cbf73610bc3d7becf406fec00000000004045f02fa4c5e3b7c022db1a0a0e1aca40736000000000003fe284cf3bfd4b404047d744383fe1ac3ff00000000000003f8a6912352776a83f96284904d7fb2d406c892492492492404e1c0c1ad72f5b40225b0bb289c4f64075124924924925c0093271ca33d439404e9f1ce0876876 406dfffffffffff24073ffffffffffff4089a00000000018408900000000001d
0 640 480 3ff00000000000003f95ffb4bb2ce08cbf98c9a3197e273340686089a9404a07404e25099312544940393215e2f3b4a040714c542cc78ce7c02fb63dbc532ee14045477cba219a813ff00000000000003f8ae2e3dea13ae5bf9fc970d67ae13c4069fd63093777654052075eb53db67e403083b1386ed32d40716760843255a8c02da966c910879a4049b0781f9ad3693ff0000000000000bfa2b0d22a58f6b63f82135698bf5486406f3eaff49be979404cf1dfa878e6ef4041a27695dc6bf440739694c8e0dbfbc04223be127215d7405253f81aed75bc 406a9d04a1b1001a4072adfec8c8001d408fea5fc0755fd8408f5d760f043fd6
0 640 480 3ff00000000000003f97e29362a61b18bf98c054da179d774068dc5e05326af5405419201c8fb327403c1fee24c803e3407268cdc90c3cf6c0148944ee37ac9f403a12aed925dd9b3ff0000000000000bf93ea94c2feaa48bf923a48543f174f4067cc5b438df4f24041f65734797670402618e851a036604071ec1369310cdcc02e9c27951e806c402d0ffc42d93d7e3ff00000000000003fa232f7322b4d44bf89135461d6e8f640687d69c94a1551405287d814c6c94a403af53eb4547cfd407136c7265196dc3fe6bc7c7fa2116b403d42e5e36755f0 406835992232d9f74072087234788205408f9d901b83a027407ca1e20df6ff00
0 640 480 3ff0000000000000bf916dcd72e695563f90053f6ffcab144072509e0857f9bc404e7d62c98e943740398d1cde98617b407009c41b560886c02e0b16b3e91954404462125e4e8ba93ff00000000000003f945ea47b4d3e1a3f8da61d9c594d224071208a3b02f351404c13eea68af62dc01ba254f037e602406ee780098081c94021b60e1175c97440407e661814de3a3ff0000000000000bfa06a2104ecc537bf823aab2bb4bacf406ef856208a562040428d6beb05f745c0368fed991e94ac406ebbb14dadb567bfd44fc5e9f91dcb403a3d2c6dccfec8 40703f7d9c527ff040703f14f924ffc7408a958fb75fdfee407e1cdf5af17fed
0 640 480 3ff00000000000003f8a032576392d533f86456d136bd01b406b3e304eb4d9764046541a9014db11c0036d0eeb49776b4072cf82e9a5c8e14016abb2581ca966404873a82da7e3b63ff00000000000003f94cbffb1dd6cf93f9afc28a322b806406e3ecb1c036c57404c5d8b9ba33b8c403e6df038ae345740707a2c123ee080c03dbf8dea516e7d405099eb223d3c5f3ff00000000000003f7dd10fd6967e953f9445242af325cf406d5ab41b27e1874048c45f5e74b3d43fec0daa1017bdad4072c69ea6ab71ff40091586ac4df9b3404b0c57ae81b3f2 406c7b0365868d244071911b1aee14b2408da37c039a29e240902ef92e25f368
0 640 480 3ff00000000000003f6e785d55a7d4153f88ad66f72e9997406ee9244c3a991c40365a9d87f4240e402a0a1af92de8cb40738fd531d383f1c01ed20d6de3f6174035069ec4df3e663ff0000000000000bf9731377d04ae97bfa30e90e239593a406f28cc845f400d4040eb4cff53f80ec025c4df9b54927040745dc0829b1321c0242df0f960f8474032198f409916ec3ff00000000000003fa1b50051083955bf847e45dad9b4a5406dc04ef79c5f914045c809fe64820c40210001a9f79fee4074073de87baa19401224dfcb61fba0403c12b06b3fa6e2 406de60ca558fe204073c0fe1cf202a1407f19928684ba5040796dfc5d8a7c45
0 640 480 3ff00000000000003f88cda0b3b7f092bf979e00d75747de406c01e090ac86864049ce7d9f2d999f402ef8784090b627407596131981d1bbc024966e847d4b0c403bc50c8b3574053ff00000000000003f785c8ab9e702b73f7b8bdaa4aeea26406ad338f4ca3608405048c3127ac431401a184ecd612f33407600bf174762e9c00206c3460c1624404a838d00e4d1663ff00000000000003f88ebedd56f90a73f3d2fde848c2bcd406c02be86f1b9af40440e847dbf86b8bfe1885604dd9d164075870b1e2b3f4b40129080b63016aa403ee91aeafc0ea8 406c6d2c909b01314075ac4409527f064089f48970e8a1a64084a28a75b4815c
0 640 480 3ff0000000000000bf8a4039342ce2f4bf650fff34d7f66e4069e25024c6ae12403baad909db97aec0236948f9ee5ecd4070d4cf060f4e154016ccc2d438590c4040b245b037a1533ff0000000000000bf9f59340b9efd8bbf9abece0d3d3247406c1189149abfac403eaf72584aa1c6c028e6b84bcdd24c407095609866910cc023f41cc02f5c504040e7951b3b0ca23ff0000000000000bf5a7685813d6f343f96b7d99595c0d64067b58909b38791403e837fecbb8e1c4031627416c3d01340711730c2672f7bc02eccba3ef50292404293db327734d3 4069bc4a7bcd00004071ec76392efffc40833a10029ce00840851a668b69c00b
0 640 480 3ff0000000000000bf8ba83982254d8abf859b13430aab594067b5a9811ccd73403b356dfd2f3b07c032951695dd3a6940739a10cb5da82140302cfa05f94c6a4043684e2fcc139f3ff00000000000003f9a478185ce4cafbf8066359319d6b64068e304db95a54d404b98a70240fb12c000b25943794764407371dd771490e74027e74bdd74a8754052886b446c77ad3ff0000000000000bf95c7c720f46991bf9d9340d7d055e8406588a2bbaa6387404899e44315115cc031b34a6b56924e4071fef99252c3134001efaeef44f05d404fa47d88ca29e1 4068781d976efcb440744489dca788e84086a96b8def19da4090539a83da7c1a
4 640 480 000000000000000000000000000000000000000000000000000000000000000000000000000000000000000000000000000000000000000000000000000000000000000000000000000000000000000000000000000000000000000000000000000000000000000000000000000000000000000000000000000000000000000000000000000000000000000000000000000000000000000000000000000000000000000000000000000000000000000000000000000000000000000000000000000000000000000000000000000000000000000000000000 0000000000000000000000000000000000000000000000000000000000000000
4 640 480 3ff000000000000000000000000000000000000000000000406e000000000000404cb3b2fb12f8fb402745cf35f76fb84074000000000000c026b47f3ae4e9df404c007caa0605a33ff000000000000000000000000000000000000000000000406e000000000000404f6182b3982141401930513274dab44074000000000000c018930a88a3f496404e9d923ed2dbc23ff000000000000000000000000000000000000000000000406e00000000000040511555555555550000000000000000407400000000000000000000000000004050aaaaaaaaaaab 0000000000000000000000000000000000000000000000000000000000000000
4 640 480 3ff00000000000003f7ee95682434a8ebf95688ed3002f23406f238e38e38e3940471fb3e5d18ec44012b1637e5252384074471c71c71c72c0152ba67b022acb4040b18c88469de43ff0000000000000bf934917719b340cbf73610bc3d7becf406fec00000000004045f02fa4c5e3b7c022db1a0a0e1aca40736000000000003fe284cf3bfd4b404047d744383fe1ac3ff00000000000003f8a6912352776a83f96284904d7fb2d406c892492492492404e1c0c1ad72f5b40225b0bb289c4f64075124924924925c0093271ca33d4397ff8000000000000 0000000000000000000000000000000000000000000000000000000000000000
4 640 480 3ff00000000000003f7ee95682434a8ebf95688ed3002f23406f238e38e38e3940471fb3e5d18ec44012b1637e5252384074471c71c71c72c0152ba67b022acb4040b18c88469de43ff0000000000000bf934917719b340cbf73610bc3d7becf406fec00000000007ff8000000000000c022db1a0a0e1aca40736000000000003fe284cf3bfd4b404047d744383fe1ac3ff00000000000003f8a6912352776a83f96284904d7fb2d406c892492492492404e1c0c1ad72f5b40225b0bb289c4f64075124924924925c0093271ca33d439404e9f1ce0876876 0000000000000000000000000000000000000000000000000000000000000000
4 640 480 7ff80000000000003f7ee95682434a8ebf95688ed3002f23406f238e38e38e3940471fb3e5d18ec44012b1637e5252384074471c71c71c72c0152ba67b022acb4040b18c88469de43ff0000000000000bf934917719b340cbf73610bc3d7becf406fec00000000004045f02fa4c5e3b7c022db1a0a0e1aca40736000000000003fe284cf3bfd4b404047d744383fe1ac3ff00000000000003f8a6912352776a83f96284904d7fb2d406c892492492492404e1c0c1ad72f5b40225b0bb289c4f64075124924924925c0093271ca33d439404e9f1ce0876876 0000000000000000000000000000000000000000000000000000000000000000
1 1 480 3ff00000000000003f7ee95682434a8ebf95688ed3002f23406f238e38e38e3940471fb3e5d18ec44012b1637e5252384074471c71c71c72c0152ba67b022acb4040b18c88469de43ff0000000000000bf934917719b340cbf73610bc3d7becf406fec00000000004045f02fa4c5e3b7c022db1a0a0e1aca40736000000000003fe284cf3bfd4b404047d744383fe1ac3ff00000000000003f8a6912352776a83f96284904d7fb2d406c892492492492404e1c0c1ad72f5b40225b0bb289c4f64075124924924925c0093271ca33d439404e9f1ce0876876 0000000000000000000000000000000000000000000000000000000000000000
1 640 1 3ff00000000000003f7ee95682434a8ebf95688ed3002f23406f238e38e38e3940471fb3e5d18ec44012b1637e5252384074471c71c71c72c0152ba67b022acb4040b18c88469de43ff0000000000000bf934917719b340cbf73610bc3d7becf406fec00000000004045f02fa4c5e3b7c022db1a0a0e1aca40736000000000003fe284cf3bfd4b404047d744383fe1ac3ff00000000000003f8a6912352776a83f96284904d7fb2d406c892492492492404e1c0c1ad72f5b40225b0bb289c4f64075124924924925c0093271ca33d439404e9f1ce0876876 0000000000000000000000000000000000000000000000000000000000000000
