0 640 480 0 -1 43acdf5343f778fd43ac163a43e0133643ab44e843c7b87e43aa6ad943ae597c43a9877d4393e58c43a89a3a4370952743a7a2664336e9bd43a69f4842f53bab4393430f43fbd9c94391f29243e442594390942843cbb0e3438f26ed43b2158b438da9ed43975f1a438c1c1b4376f5a1438a7c55433ca87d4388c95b42ff54474372133244002abb436e565f43e88bb1436a717043cfc2ac436661d243b5ea00436224b9439aefdb435db718437d819f4359159943428f5843543c984304da81433c5a744402767e433773f843ecf0384332583c43d3eecf432d03ca43b9d7cc432772dd439e98b84321a15843821d72431b8abb43489ff643152a1c430a307743054fe14404d0b142fe625243f170f442f19e2e43d8365142e44a7443bddfed42d65d7943a25aaa42c7ccac438591a742b88c7e434edc1942a89044430fada2 3ff00000000000003f8a6914d59015ca3f9628493bf0c4f4406c8924947165cf404e1c0c37f8e7ae40225b0baf53de3a4075124927f1a379c009326f010556d7404e9f1cf0f93117
0 640 480 2 -1 439c400043df4000439cc00043cdc000439d400043bc4000439dc00043aac000439e400043994000439ec0004387c000439f4000436c8000439fc000434980004389400043de40004389c00043ccc000438a400043bb4000438ac00043a9c000438b400043984000438bc0004386c000438c4000436a8000438cc00043478000436c800043dd4000436d800043cbc000436e800043ba4000436f800043a8c0004370800043974000437180004385c000437280004368800043738000434580004346800043dc40004347800043cac0004348800043b940004349800043a7c000434a800043964000434b80004384c000434c800043668000434d8000434380004320800043db40004321800043c9c0004322800043b840004323800043a6c0004324800043954000432580004383c00043268000436480004327800043418000 3ff000000000000000000000000000000000000000000000406e0000000000004043000000000004bfeffffffffffc2540740000000000003ffffffffffffff94041800000000003
0 640 480 0 -1 43af0aeb43c1b56f43a936be43b24ca943a3472c43a29b76439d3b7043929fd1439712c2438257a44390cc4f43638188438a673c4341b1e34383e2a9431f3bac43a1b35743c99085439ba38243b9f05b439576a443aa055a438f2beb4399cd644388c27d43894646438239774370db6b43771fd8434e82a8436989d0432b7d524393da5543d1b7d0438d8b5643c1dedb43871d8b43b1b8884380901043a1429c4373c3f143907ac44366249e437ebd2d43584027435bd723434a147843383e344385786543da2fba437dcce943ca1c8a4370679f43b9b9554362befe43a903be4354d1064397f95443469ba14386978943381ca54369b76e432951cf43458636436d0ae243e2fd07435f58f243d2ae224351617643c20c6d4343225943b1156a4334996d439fc6844325c46e438e1d084316a10243782c4d43072cb443535dea 3ff00000000000003f940ef2f70f6d7d3f83cf9547992b40406f4f49bce1ed2040417be4ad01560b402f90c04cf83bce40731d226e51001bc021ecc8623ca691404242678f34f853
0 640 480 1 -1 43ce246243d08fec43c2777c43ba24a643b7552a43a4c37a43acb40243905a5343a28b6e4379b1664398d39743545f1a438f854e4330a23443869a02430e616f43b687b843d9871e43ab460643c29b8e43a08b9a43acc36d43964f254397ebc9438c882f4384036243832efd4361f4f4437478fd433d855f43635474431a9da8439e4b2543e2bb0843937b5043cb4a6443892f0b43b4f6fa437eba5c439facef436bfac6438b5a32435a1025436fdc9b4348ec9b434ab473433883794327206b4385683a43ec2e1c437622ad43d43359436273be43bd601c434fb1ae43a79f8d433dcc2c4392dec1432cb45e437e18fa431c5cb743583218430cb8d44333ec224357b05f43f5e2ec4344038b43dd58be43314c5243c600e5431f792b43afc582430e7a2f439a92bf42fc81cc4386569142dd80494366011442bfd7c543410352 3ff00000000000003f88ea03fbe9c664bf977fdd35d09952406ea7e0f943c96b404882aaf960a644402a3c5553de7b234072acb6e688e009c02744fdbf6526544040e45d3ac3d39e
0 640 480 2 -1 43a7515c43ca65b943a2ba7043bc7dbb439dfa3443ae189143990e71439f2f834393f4c5438fbb5b438eaaa2437f68b643892d49435e245a438379c3433b97b14399f8e743d2ec5a4395138943c4f2a14390016443b67919438ac00743a778c843854cd24397ea30437f49e74387c54543738ac1436e02af436755a5434b2a1b438c351843dbb7914386fcdb43cdacc54381941a43bf1f764377f04b43b00866436c4c3043a05fce436035a743901d4b4353a5f9437e6fa8434695e4435b4b4a437c019443e4caa54370e1e643d6af854365591f43c80f1f4359615043b8e1ee434cf41a43a91fdb43400a994398c02c43329d614387b9754324a469436c030d435ead0943ee29184352d40443dffe7d4346892d43d14bc94339c5fc43c2092d432c836643b22e3f431eb9d343a1b1e84310610b43908a554301702a437d59c8 3ff00000000000003f91239c792b62723f931bdd87f1e9a4406e45848f7053d540413db2d049b302403028c1bec69cc9407508d9b64b66aac02759f4df692d124042cc23658db9a2
0 640 480 0 -1 43ca6f8143dffcff43bea79f43c4916943b2f3a443a9542543a7535f438e44bf439bc69c4366c58643904d2b43315b804384e6dd42f8951543732701428f238e43ae573843ea101443a2d69243cf0b594397690d43b4338a438c0e78439988384380c6a5437e11eb436b22ca43496aa84354dd15431519d3433ebbd142c23d2c4393201843f3d26c4387e3bd43d931984379738b43bebc5c4363440b43a4724a434d38a1438a52fb433750f44360bc0c43218cae432d260a430beb7a42f3c64643717f7143fd47c1435b89c143e308024345b77643c8f2934330083b43af070c431a7bbb4395450a430511a44377585042df93454344780942b546cc4311e87e433e58a3440339cb4328e0bd43ec923743138aeb43d2d9ed42fcadba43b94a5742d28886439fe31642a8a59b4386a3c9427e08bd435b1824422b486b4329372b 3ff0000000000000bf8fb342979cb299bf6a109694c30161406b073b16656063404836b51d5e7a5a40355b47be825ab24072ebaa1dfff95fc03a8bfff648f6ff4049a40085f14c25
0 640 480 1 -1 4375dd6943ea344d4384242c43dab4b5438d7ebd43caf6aa4396ff4b43baf8b043a0a6c043aab94043aa760a439a36c343b46e2543896f9743be900f4370c41943576fda43e5a14f436a116b43d5b5ea437cffee43c588c543881ea243b518474391e5af43a462c8439bd61d4393669043a5f0f6438221db43b0374b436125ad4337793243e0d338434a50f543d0760f435d788843bfd3944370f1ec43aeea0d43825f98439db7ad438c713c438c3a9c4396aefc4374e1d943a119fd4350b1484315daec43dbc5734328e82343caf00b433c482d43b9d174434ffd2b43a867ce436409514396b12543786ee54384ab77438698224364a95d439127ef433f554642e4e68243d672ec4305b4d643c51e3b43194c6543b37c29432d3c3343a18aaa4341869a438f47a243562e08437961be436b35044353883a43804f15432cfe03 3ff00000000000003f9a98659dd9d0873f81280bd16d71ad406f59be0a16646740433f7c8f2d069dc031b3509585a54b4074cb42acf7002f4035d1d94665534a4042970bab2ee2c0
0 640 480 2 -1 43caceff43d380b543c19d5943bec1ba43b89fd443aa785f43afd4b84396a0c643a73a634383373c439ecf424360706e439691d6433b40a8438e80ae4316d8a743b56be743dbdab843ac7b4243c70c6843a3bd3843b2b3dd439b3020439ecd3a4392d263438b54cf438aa27d43708e2043829ef8434b413543758cdf4326bc5f43a01aa243e42dc643976a9543cf503f438eeba243bae8a443869c2c43a6f318437cf55443936be9436d0b4543804f8e435d7759435b3545434e36dc433693d1438adb1a43ec79e643826b3e43d78d4a437455fa43c316be4364319143af126743546646439b7c924344f140438851b74335cfc3436b1ce54326ff3143465f0a436b5a7343f4bf22435afa4e43dfc38f434af66943cb3e32433b4bc343b72b2e432bf77843a386d2431cf6c643904d94430e470a437af82542ffcb7243561e1a 3ff0000000000000bf59a89bb0dd3a4ebf863cea25e13687407050b88b677632404439227851c667402ada82ac46c5c34073a43dcf46e837c030b46a17c2be894041d23f698b04af
0 640 480 0 -1 4395d3e543dcb15f439a1a0743cc42e9439e89c643bb347c43a3258d43a97cc843a7eff7439711c643acebd74383e89b43b21c3b435feb1543b78473433657b44382e00643d7ec4e4386c74b43c7794f438ad46643b666e1438f098743a4abc74393690b43923e0e4397f580437e25e7439cb1a843563daa43a1a082432caa2c43602a2d43d3318a43673e2143c2ba3e436e966243b1a40a437636e1439fe5c7437e23dd438d7595438330f54374919143877aff434ca7b4438bf2bc43231496433ae52643ce80f34341419943be05924347db2a43acebd3434eb55c439b2aa24355d3f64388b832435d3b0d436b13e24364ef09434328e0436cf4b44319969b4315eff243c9da68431b97eb43b95b294321760143a83e1943278d4a43967a33432de11b438405c04334750c4361ac8a433b4d004339c0d843426d2c43102fe4 3ff0000000000000bf7273cd2b9b30e23f93dcba05ec8e2c406f447108ad93aa40437a9b5c0f1ec0c00895b5975081fe4072d8922d6267ef40204fc4afcb5c8540455c6630a770dc
0 640 480 1 -1 4387978c43e07cac438b873243cf8d31438f7e7a43be7ce143937d7a43ad4b5b43978449439bf83d439b92fd438a8326439fa9ae4371d76343a3c873434e62f1436dd84d43de5fb04375b5c143cd2bc7437da2b143bbd6024382cfa543aa5dfa4386d5de4398c34a438ae41b4387058b438efa73436a48a74393190043463e70434b793a43dc31f2435353c043cab76c435b3df943b919f34363381643a7591f436b42454395748543735cb843836bb8437b87a143627c944381e199433dd7964328056643d9f2aa432fdbce43c82f394337c22143b647b3433fb88f43a43bab4347bf4b43920ab1434fd686437f68a34357fe74435a70354360374843352b2c43036f8f43d7a100430b408c43c5923a431321ac43b35e2f431b131e43a1046c43231518438e847c432b27cc4377bbcb43334b6f43522061433b8036432c35c2 3ff00000000000003f90127f18ed3f3c3f7016c77728bb9b406ce764fb7aa55a404349dc0741675cc01c86a43f14f2e84073cd6a31e2d9a04026cbac8bce9567404283e27ebd0be9
4 640 480 0 -1 4348000043480000434800004348000043480000434800004348000043480000434800004348000043480000434800004348000043480000434800004348000043480000434800004348000043480000434800004348000043480000434800004348000043480000434800004348000043480000434800004348000043480000434800004348000043480000434800004348000043480000434800004348000043480000434800004348000043480000434800004348000043480000434800004348000043480000434800004348000043480000434800004348000043480000434800004348000043480000434800004348000043480000434800004348000043480000434800004348000043480000434800004348000043480000434800004348000043480000434800004348000043480000434800004348000043480000 000000000000000000000000000000000000000000000000000000000000000000000000000000000000000000000000000000000000000000000000000000000000000000000000
0 640 480 0 -1 4370000043938000437000004391000043700000438e800043700000438c0000437000004389800043700000438700004370000043848000437000004382000043700000437f000043700000437a00004370000043750000437000004370000043700000436b00004370000043660000437000004361000043700000435c00004370000043570000437000004352000043700000434d00004370000043480000437000004343000043700000433e00004370000043390000437000004334000043700000432f000043700000432a00004370000043250000437000004320000043700000431b00004370000043160000437000004311000043700000430c0000437000004307000043700000430200004370000042fa00004370000042f000004370000042e600004370000042dc00004370000042d200004370000042c80000 3ff000000000000000000000000000000000000000000000406e000000000000000000000000000000000000000000004068b000000000004043fffffffffffd4014000000000003
4 640 480 0 -1 43acdf5343f778fd43ac163a43e0133643ab44e843c7b87e43aa6ad943ae597c43a9877d4393e58c43a89a3a4370952743a7a2664336e9bd43a69f4842f53bab4393430f43fbd9c94391f29243e442594390942843cbb0e3438f26ed43b2158b438da9ed43975f1a438c1c1b4376f5a1438a7c55433ca87d4388c95b42ff54474372133244002abb436e565f43e88bb1436a717043cfc2ac436661d243b5ea00436224b9439aefdb435db718437d819f4359159943428f5843543c984304da81433c5a744402767e433773f843ecf0384332583c43d3eecf432d03ca43b9d7cc432772dd439e98b84321a15843821d72431b8abb43489ff643152a1c430a307743054fe14404d0b142fe625243f170f442f19e2e43d8365142e44a7443bddfed42d65d7943a25aaa42c7ccac438591a742b88c7e434edc1942a890447fc00000 000000000000000000000000000000000000000000000000000000000000000000000000000000000000000000000000000000000000000000000000000000000000000000000000
4 640 480 0 -1 7f80000043f778fd43ac163a43e0133643ab44e843c7b87e43aa6ad943ae597c43a9877d4393e58c43a89a3a4370952743a7a2664336e9bd43a69f4842f53bab4393430f43fbd9c94391f29243e442594390942843cbb0e3438f26ed43b2158b438da9ed43975f1a438c1c1b4376f5a1438a7c55433ca87d4388c95b42ff54474372133244002abb436e565f43e88bb1436a717043cfc2ac436661d243b5ea00436224b9439aefdb435db718437d819f4359159943428f5843543c984304da81433c5a744402767e433773f843ecf0384332583c43d3eecf432d03ca43b9d7cc432772dd439e98b84321a15843821d72431b8abb43489ff643152a1c430a307743054fe14404d0b142fe625243f170f442f19e2e43d8365142e44a7443bddfed42d65d7943a25aaa42c7ccac438591a742b88c7e434edc1942a89044430fada2 000000000000000000000000000000000000000000000000000000000000000000000000000000000000000000000000000000000000000000000000000000000000000000000000
4 640 480 0 -1 43acdf5343f778fd43ac163a43e0133643ab44e843c7b87e43aa6ad943ae597c43a9877d4393e58c43a89a3a4370952743a7a2664336e9bd43a69f4842f53bab4393430f43fbd9c94391f29243e442594390942843cbb0e3438f26ed43b2158b438da9ed43975f1a438c1c1b4376f5a1438a7c55433ca87d4388c95b42ff54474372133244002abb436e565f43e88bb1436a717043cfc2ac436661d243b5ea00436224b9439aefdb435db718437d819f4359159943428f5843543c984304da81bc23d70a4402767e433773f843ecf0384332583c43d3eecf432d03ca43b9d7cc432772dd439e98b84321a15843821d72431b8abb43489ff643152a1c430a307743054fe14404d0b142fe625243f170f442f19e2e43d8365142e44a7443bddfed42d65d7943a25aaa42c7ccac438591a742b88c7e434edc1942a89044430fada2 000000000000000000000000000000000000000000000000000000000000000000000000000000000000000000000000000000000000000000000000000000000000000000000000
4 640 480 0 -1 43acdf5343f778fd43ac163a43e0133643ab44e843c7b87e43aa6ad943ae597c43a9877d4393e58c43a89a3a4370952743a7a2664336e9bd43a69f4842f53bab4393430f43fbd9c94391f29243e442594390942843cbb0e3438f26ed43b2158b438da9ed43975f1a438c1c1b4376f5a1438a7c55433ca87d4388c95b42ff54474372133244002abb436e565f43e88bb1436a717043cfc2ac436661d243b5ea00436224b9439aefdb435db718437d819f4359159943428f5843543c984304da81433c5a744402767e433773f843ecf0384332583c43d3eecf432d03ca43b9d7cc432772dd439e98b84321a15843821d72431b8abb43489ff643152a1c430a307743054fe14404d0b142fe625243f170f442f19e2e43d8365142e44a7443bddfed42d65d7943a25aaa42c7ccac438591a742b88c7e434edc1942a8904444200000 000000000000000000000000000000000000000000000000000000000000000000000000000000000000000000000000000000000000000000000000000000000000000000000000
4 640 480 0 -1 43acdf5343f778fd43ac163a43e0133643ab44e843c7b87e43aa6ad943ae597c43a9877d4393e58c43a89a3a4370952743a7a2664336e9bd43a69f4842f53bab4393430f43fbd9c94391f29243e442594390942843cbb0e3438f26ed43b2158b438da9ed43975f1a438c1c1b4376f5a1438a7c55433ca87d4388c95b42ff54474372133244002abb436e565f43e88bb1436a717043cfc2ac436661d243b5ea00436224b9439aefdb435db718437d819f4359159943428f5843543c984304da81433c5a744402767e433773f843ecf0384332583c43d3eecf432d03ca43b9d7cc432772dd439e98b84321a15843821d72431b8abb43489ff643152a1c430a307743054fe14404d0b142fe625243f170f442f19e2e43d8365142e44a7443bddfed42d65d7943a25aaa42c7ccac438591a742b88c7e434edc1943f00000430fada2 000000000000000000000000000000000000000000000000000000000000000000000000000000000000000000000000000000000000000000000000000000000000000000000000
1 1 480 0 -1 43acdf5343f778fd43ac163a43e0133643ab44e843c7b87e43aa6ad943ae597c43a9877d4393e58c43a89a3a4370952743a7a2664336e9bd43a69f4842f53bab4393430f43fbd9c94391f29243e442594390942843cbb0e3438f26ed43b2158b438da9ed43975f1a438c1c1b4376f5a1438a7c55433ca87d4388c95b42ff54474372133244002abb436e565f43e88bb1436a717043cfc2ac436661d243b5ea00436224b9439aefdb435db718437d819f4359159943428f5843543c984304da81433c5a744402767e433773f843ecf0384332583c43d3eecf432d03ca43b9d7cc432772dd439e98b84321a15843821d72431b8abb43489ff643152a1c430a307743054fe14404d0b142fe625243f170f442f19e2e43d8365142e44a7443bddfed42d65d7943a25aaa42c7ccac438591a742b88c7e434edc1942a89044430fada2 000000000000000000000000000000000000000000000000000000000000000000000000000000000000000000000000000000000000000000000000000000000000000000000000
1 640 1 0 -1 43acdf5343f778fd43ac163a43e0133643ab44e843c7b87e43aa6ad943ae597c43a9877d4393e58c43a89a3a4370952743a7a2664336e9bd43a69f4842f53bab4393430f43fbd9c94391f29243e442594390942843cbb0e3438f26ed43b2158b438da9ed43975f1a438c1c1b4376f5a1438a7c55433ca87d4388c95b42ff54474372133244002abb436e565f43e88bb1436a717043cfc2ac436661d243b5ea00436224b9439aefdb435db718437d819f4359159943428f5843543c984304da81433c5a744402767e433773f843ecf0384332583c43d3eecf432d03ca43b9d7cc432772dd439e98b84321a15843821d72431b8abb43489ff643152a1c430a307743054fe14404d0b142fe625243f170f442f19e2e43d8365142e44a7443bddfed42d65d7943a25aaa42c7ccac438591a742b88c7e434edc1942a89044430fada2 000000000000000000000000000000000000000000000000000000000000000000000000000000000000000000000000000000000000000000000000000000000000000000000000
1 640 480 3 -1 43acdf5343f778fd43ac163a43e0133643ab44e843c7b87e43aa6ad943ae597c43a9877d4393e58c43a89a3a4370952743a7a2664336e9bd43a69f4842f53bab4393430f43fbd9c94391f29243e442594390942843cbb0e3438f26ed43b2158b438da9ed43975f1a438c1c1b4376f5a1438a7c55433ca87d4388c95b42ff54474372133244002abb436e565f43e88bb1436a717043cfc2ac436661d243b5ea00436224b9439aefdb435db718437d819f4359159943428f5843543c984304da81433c5a744402767e433773f843ecf0384332583c43d3eecf432d03ca43b9d7cc432772dd439e98b84321a15843821d72431b8abb43489ff643152a1c430a307743054fe14404d0b142fe625243f170f442f19e2e43d8365142e44a7443bddfed42d65d7943a25aaa42c7ccac438591a742b88c7e434edc1942a89044430fada2 000000000000000000000000000000000000000000000000000000000000000000000000000000000000000000000000000000000000000000000000000000000000000000000000
5 640 480 0 0 43acdf5343f778fd43ac163a43e0133643ab44e843c7b87e43aa6ad943ae597c43a9877d4393e58c43a89a3a4370952743a7a2664336e9bd43a69f4842f53bab4393430f43fbd9c94391f29243e442594390942843cbb0e3438f26ed43b2158b438da9ed43975f1a438c1c1b4376f5a1438a7c55433ca87d4388c95b42ff54474372133244002abb436e565f43e88bb1436a717043cfc2ac436661d243b5ea00436224b9439aefdb435db718437d819f4359159943428f5843543c984304da81433c5a744402767e433773f843ecf0384332583c43d3eecf432d03ca43b9d7cc432772dd439e98b84321a15843821d72431b8abb43489ff643152a1c430a307743054fe14404d0b142fe625243f170f442f19e2e43d8365142e44a7443bddfed42d65d7943a25aaa42c7ccac438591a742b88c7e434edc1942a89044430fada2 000000000000000000000000000000000000000000000000000000000000000000000000000000000000000000000000000000000000000000000000000000000000000000000000
5 640 480 1 39 43acdf5343f778fd43ac163a43e0133643ab44e843c7b87e43aa6ad943ae597c43a9877d4393e58c43a89a3a4370952743a7a2664336e9bd43a69f4842f53bab4393430f43fbd9c94391f29243e442594390942843cbb0e3438f26ed43b2158b438da9ed43975f1a438c1c1b4376f5a1438a7c55433ca87d4388c95b42ff54474372133244002abb436e565f43e88bb1436a717043cfc2ac436661d243b5ea00436224b9439aefdb435db718437d819f4359159943428f5843543c984304da81433c5a744402767e433773f843ecf0384332583c43d3eecf432d03ca43b9d7cc432772dd439e98b84321a15843821d72431b8abb43489ff643152a1c430a307743054fe14404d0b142fe625243f170f442f19e2e43d8365142e44a7443bddfed42d65d7943a25aaa42c7ccac438591a742b88c7e434edc1942a89044430fada2 000000000000000000000000000000000000000000000000000000000000000000000000000000000000000000000000000000000000000000000000000000000000000000000000
